header:
  seq: 0
  stamp:
    secs: 1607028350
    nsecs: 739261627
  frame_id: "T265_odom_frame"
child_frame_id: "T265_pose_frame"
pose:
  pose:
    position:
      x: 0.000203506468097
      y: -0.00015434868692
      z: -0.000128907748149
    orientation:
      x: -0.0187346190214
      y: -0.00316766533069
      z: -4.98239060107e-05
      w: 0.999819517136
  covariance: [0.1, 0.0, 0.0, 0.0, 0.0, 0.0, 0.0, 0.1, 0.0, 0.0, 0.0, 0.0, 0.0, 0.0, 0.1, 0.0, 0.0, 0.0, 0.0, 0.0, 0.0, 0.001, 0.0, 0.0, 0.0, 0.0, 0.0, 0.0, 0.001, 0.0, 0.0, 0.0, 0.0, 0.0, 0.0, 0.001]
twist:
  twist:
    linear:
      x: -0.00255691142355
      y: -0.00234479844324
      z: -0.0035085420369
    angular:
      x: 0.00112383872314
      y: -0.00232226543912
      z: 0.00693171987265
  covariance: [0.1, 0.0, 0.0, 0.0, 0.0, 0.0, 0.0, 0.1, 0.0, 0.0, 0.0, 0.0, 0.0, 0.0, 0.1, 0.0, 0.0, 0.0, 0.0, 0.0, 0.0, 0.001, 0.0, 0.0, 0.0, 0.0, 0.0, 0.0, 0.001, 0.0, 0.0, 0.0, 0.0, 0.0, 0.0, 0.001]
header:
  seq: 1
  stamp:
    secs: 1607028350
    nsecs: 744263649
  frame_id: "T265_odom_frame"
child_frame_id: "T265_pose_frame"
pose:
  pose:
    position:
      x: 0.000205157644814
      y: -0.000169721577549
      z: -0.000145389945828
    orientation:
      x: -0.0187347885221
      y: -0.00317340926267
      z: -3.13345553877e-05
      w: 0.999819457531
  covariance: [0.1, 0.0, 0.0, 0.0, 0.0, 0.0, 0.0, 0.1, 0.0, 0.0, 0.0, 0.0, 0.0, 0.0, 0.1, 0.0, 0.0, 0.0, 0.0, 0.0, 0.0, 0.001, 0.0, 0.0, 0.0, 0.0, 0.0, 0.0, 0.001, 0.0, 0.0, 0.0, 0.0, 0.0, 0.0, 0.001]
twist:
  twist:
    linear:
      x: -0.00159791762272
      y: -0.00272325327442
      z: -0.00358603084111
    angular:
      x: 5.92019087513e-05
      y: 0.00607625412954
      z: 0.00173801748487
  covariance: [0.1, 0.0, 0.0, 0.0, 0.0, 0.0, 0.0, 0.1, 0.0, 0.0, 0.0, 0.0, 0.0, 0.0, 0.1, 0.0, 0.0, 0.0, 0.0, 0.0, 0.0, 0.001, 0.0, 0.0, 0.0, 0.0, 0.0, 0.0, 0.001, 0.0, 0.0, 0.0, 0.0, 0.0, 0.0, 0.001]
